m_i,m_i^norm,μ_Low (m_i^norm),μ_Med (m_i^norm),μ_High (m_i^norm),
312,0.4552,0.0256,0.9744,0.0000,
252,0.2313,0.5048,0.4952,0.0000,
458,1.0000,0.0000,0.0000,1.0000,
400,0.7836,0.0000,0.4062,0.5938,
376,0.6940,0.0000,0.5742,0.4258,
458,1.0000,0.0000,0.0000,1.0000,
324,0.5000,0.0000,0.9384,0.0616,
280,0.3358,0.2812,0.7188,0.0000,
190,0.0000,1.0000,0.0000,0.0000,
372,0.6791,0.0000,0.6022,0.3978,
286,0.3582,0.2332,0.7668,0.0000,
232,0.1567,0.6645,0.3355,0.0000,
290,0.3731,0.2013,0.7987,0.0000,
214,0.0896,0.8083,0.1917,0.0000,
256,0.2463,0.4728,0.5272,0.0000,
278,0.3284,0.2971,0.7029,0.0000,
400,0.7836,0.0000,0.4062,0.5938,
352,0.6045,0.0000,0.7423,0.2577,
212,0.0821,0.8243,0.1757,0.0000,
362,0.6418,0.0000,0.6723,0.3277,
